unique-id: 13691901-21b3-350a-9ed5-31465b825e6b
name: UberDedZet
last-login: 1721349309970
last-location:
  ==: BukkitWorldLocation
  x: -1387.786216294195
  y: 91.0
  z: 69.76866254086906
  pitch: 10.422981262207031
  world-name: world
  yaw: 107.36384582519531
