unique-id: 13691901-21b3-350a-9ed5-31465b825e6b
name: UberDedZet
last-login: 1721349309970
last-location:
  ==: BukkitWorldLocation
  x: -293.59251434694664
  y: 66.02442408821369
  z: 162.82872839817784
  pitch: 10.863497734069824
  world-name: world
  yaw: -69.74789428710938
