unique-id: 13691901-21b3-350a-9ed5-31465b825e6b
name: UberDedZet
last-login: 1721349309970
last-location:
  ==: BukkitWorldLocation
  x: 11.37291287329581
  y: 63.0
  z: 131.86471023785091
  pitch: -0.7491769194602966
  world-name: world
  yaw: 43.52215576171875
