unique-id: 13691901-21b3-350a-9ed5-31465b825e6b
name: UberDedZet
last-login: 1721349309970
last-location:
  ==: BukkitWorldLocation
  x: -1372.1761272669708
  y: 106.02507651102847
  z: 71.16774864825005
  pitch: -1.024721622467041
  world-name: world
  yaw: -65.94528198242188
