unique-id: 13691901-21b3-350a-9ed5-31465b825e6b
name: UberDedZet
last-login: 1721349309970
last-location:
  ==: BukkitWorldLocation
  x: -401.30000001192093
  y: 68.0
  z: 199.14027839782747
  pitch: -5.680361747741699
  world-name: world
  yaw: -101.60286712646484
