unique-id: 5df53a4e-987e-37a4-9684-af7c7105a400
name: ObiLan_
last-login: 1723119900745
last-location:
  ==: BukkitWorldLocation
  x: -434.56973999653314
  y: 88.0
  z: 209.30000001192093
  pitch: 15.510395050048828
  world-name: world
  yaw: -177.8598175048828
