unique-id: 709ba7b4-55c2-4ff3-8ea7-bd8859aa347e
name: UberDedZet
last-login: 1721286270716
last-location:
  ==: BukkitWorldLocation
  x: -224.9203422240092
  y: 71.0
  z: 231.57148786365943
  pitch: 19.20001983642578
  world-name: main_world
  yaw: -6.795745849609375
