unique-id: 9e2040c4-74d3-3a21-8849-251489bd5d13
name: VesyoliyHleb
last-login: 1723206421838
last-location:
  ==: BukkitWorldLocation
  x: 43.06421536327255
  y: 71.99985949346959
  z: 134.4877761924977
  pitch: 25.649892807006836
  world-name: world
  yaw: 84.04306030273438
