unique-id: c6c1d876-12ba-3bae-a10a-2dc6ab7f93ea
name: 16bitShark
last-login: 1723711286105
last-location:
  ==: BukkitWorldLocation
  x: -94.41315526544062
  y: 69.87026769274594
  z: 109.62560040507417
  pitch: 23.699939727783203
  world-name: world
  yaw: 38.630191802978516
