unique-id: c6c1d876-12ba-3bae-a10a-2dc6ab7f93ea
name: 16bitShark
last-login: 1723711286105
last-location:
  ==: BukkitWorldLocation
  x: 104.61527263343069
  y: 11.0
  z: 47.25337772751395
  pitch: 5.670645236968994
  world-name: world_creative
  yaw: 72.2973403930664
