world: a065395a-ef7a-46ac-b2ab-4e31494811eb
world-name: world_creative
x: 71.9512997145006
y: 11.0
z: 11.637284000119372
yaw: -20.5089111328125
pitch: 9.289377212524414
name: creative
lastowner: 13691901-21b3-350a-9ed5-31465b825e6b
