world: a065395a-ef7a-46ac-b2ab-4e31494811eb
world-name: world_creative
x: 476.037236369749
y: 11.0
z: 948.1897382222212
yaw: 152.56129455566406
pitch: 19.1923828125
name: deva
lastowner: 13691901-21b3-350a-9ed5-31465b825e6b
