world: 08d0229e-93b2-461b-99e9-41ee30aff7e3
world-name: world
x: -297.350779322301
y: 71.0
z: 223.28938348301793
yaw: -119.73023986816406
pitch: 3.450019121170044
name: hospital
lastowner: 709ba7b4-55c2-4ff3-8ea7-bd8859aa347e
