world: cd996f21-f3ef-458f-974b-e658b62e1960
world-name: world_nether
x: -29.212063058853513
y: 41.0
z: 15.276702285172624
yaw: 72.95968627929688
pitch: 2.644390821456909
name: jail
lastowner: 709ba7b4-55c2-4ff3-8ea7-bd8859aa347e
