world: 08d0229e-93b2-461b-99e9-41ee30aff7e3
world-name: world
x: -218.22000231802215
y: 71.0
z: 205.1359761086696
yaw: -3.3302319049835205
pitch: 3.750020742416382
name: rinok
lastowner: 13691901-21b3-350a-9ed5-31465b825e6b
